100
1 1 30
30
31 15 665238553
84007017 378553022 487168167 635852883 636120108 652583335 661516819 665170891 665206993 665222961 665227907 665237417 665237749 665238490 665238551
3 12 687741585
89 271 1101 4389 17565 70300 281170 1124699 4498805 17995223 71980909 287923654
1 1 7
1
8 7 91316030
24 229 2052 18519 166663 1499952 13499513
66 21 885367178
252841150 551577604 698430573 805356689 858077913 858814715 873632293 877423683 880645149 882766170 885320114 885342075 885360242 885366351 885366804 885367061 885367145 885367172 885367173 885367176 885367178
22 20 802042011
304564214 455064468 608457252 743091919 766397996 798452417 799451350 801090080 801991641 802035497 802039908 802041743 802041832 802041912 802041930 802041953 802041971 802041990 802042008 802042011
92 18 864110637
697098576 850762510 856263475 857513990 861975799 862307876 862329631 862992844 863185353 863538612 863727368 863965346 864030902 864087445 864100848 864110203 864110443 864110636
58 4 274121515
78 4602 271459 16016151
30 9 458453424
382854318 427942838 457072700 458317563 458384716 458426643 458437965 458451072 458453423
86 18 536120228
298164366 480567521 490875915 509437236 530582626 535114918 535635986 536063019 536100099 536118713 536119674 536120163 536120204 536120208 536120214 536120219 536120226 536120228
35 5 894067035
69 2449 88218 3175770 114327763
6 14 434841263
927953 251582688 313620315 372831438 420076480 433266788 434724581 434801554 434836628 434840307 434841066 434841135 434841202 434841259
73 18 651896410
632800980 649156438 650534834 651766223 651855728 651887943 651891749 651892266 651894032 651894304 651895841 651896034 651896133 651896280 651896388 651896408 651896409 651896410
3 11 75980744
57 271 1017 4037 16240 64876 259550 1038175 4152674 16610768 66443087
60 14 544368546
475651095 484358706 529438111 541893710 542832037 543644032 544068373 544358760 544363473 544366839 544367957 544368527 544368541 544368545
87 23 435597376
218742593 382821192 426937372 428001832 428068191 428824909 433355588 434193644 435347433 435463434 435532342 435540077 435552152 435576034 435590237 435594743 435596028 435597296 435597352 435597355 435597360 435597373 435597376
67 4 81351918
6 490 33237 2260125
37 5 244940596
6 290 11045 419698 15948474
1 4 16
1 2 4 8
7 8 305177518
78 644 5069 40626 324971 2599769 20798174 166385408
57 19 612819348
343797483 392352465 545904249 575299961 590463788 600841451 607068286 609875901 612307786 612643896 612793244 612804194 612809545 612816188 612817982 612818704 612819085 612819328 612819348
48 17 705626317
307813897 349281805 545533550 646474588 669522010 671127718 702409392 703843720 705334123 705533052 705617685 705622598 705624990 705626262 705626284 705626315 705626317
93 16 412183261
151445682 202932992 241026746 388056758 408020727 408628544 409522695 410071383 411893068 412026236 412028832 412175912 412181034 412182414 412183062 412183238
10 7 426777770
69 789 8662 95261 1047866 11526504 126791588
16 22 374507242
308296320 336151689 348318792 355346424 360578937 368429169 371831734 373831959 374208919 374446273 374496628 374506425 374507054 374507088 374507102 374507138 374507205 374507211 374507219 374507239 374507241 374507242
4 9 45932435
67 333 1602 8054 40244 201291 1006378 5031906 25159503
78 13 583256950
565770571 567073642 583154145 583220045 583251986 583253017 583253210 583254949 583256488 583256795 583256848 583256884 583256950
1 1 1000000000
10000
83 4 852958464
35 2966 249102 20924557
27 5 979093425
92 2545 71219 1994155 55836377
51 5 906519227
87 4476 232804 12105745 629498792
2 4 64
1 2 7 63
23 20 654614283
288307803 601249801 617358099 626062603 648139056 652337396 652425318 654233609 654386762 654543870 654556280 654558725 654590479 654597698 654606368 654612666 654613785 654614019 654614212 654614274
38 4 83641640
73 2862 111622 4353211
41 16 962594922
950762444 961079142 961211816 961502753 961771662 961937082 962430256 962431383 962519229 962556571 962566519 962569623 962581588 962589965 962594841 962594891
1 2 3
1 2
10 6 13634019
71 792 8692 95596 1051559 11567195
8 23 880324099
186249505 376317769 661781515 708963497 814353384 858707740 863357650 874560989 877749040 878178309 879091767 879113799 879630720 879979219 880095145 880274983 880291454 880314245 880318733 880323472 880323591 880324043 880324068
20 18 601988092
170324653 265722783 483452268 484509034 505750663 524688093 558717490 601264647 601874592 601943025 601943989 601949362 601981438 601983292 601986303 601987477 601987969 601988068
55 24 574913572
119003024 480765805 499655160 507135170 566559239 571820823 573644383 573705495 573729511 573840556 574702503 574764239 574850506 574854909 574866031 574892903 574900217 574906379 574909667 574911793 574912888 574913111 574913415 574913536
14 7 480635777
37 535 8084 121220 1818318 27274744 409121142
63 22 607402698
280741884 392070319 546850026 583051102 592317238 602386103 605983238 606566098 606629419 606830208 607259876 607264318 607364494 607393501 607394029 607397077 607397945 607400810 607401193 607401241 607402329 607402691
2 1 3
3
14 6 78593410
54 843 12591 188918 2833689 42505381
5 10 984587480
21 148 945 5593 33616 201702 1210162 7260967 43565854 261395101
60 22 527027901
427422421 475989086 490398162 513172249 513998563 525502424 526916082 526928388 526986075 527020872 527022246 527024043 527026252 527026885 527027254 527027452 527027476 527027768 527027874 527027877 527027891 527027900
1 5 100
3 6 12 25 51
1 3 6
1 2 5
32 5 36269545
3 195 6375 210352 6941687
29 15 817620979
403283158 755205797 817008749 817010962 817078298 817456362 817536937 817568773 817585811 817617316 817618852 817620343 817620774 817620909 817620970
1 5 16
1 2 4 8 16
1 5 30
1 2 4 8 15
3 12 594505048
29 160 628 2528 10130 40445 161793 647208 2588855 10355417 41421615 165686502
6 9 922038844
55 384 2712 18922 132495 927457 6492243 45445616 318119331
16 5 7833159
77 1300 22052 374868 6372838
25 13 294403106
115006888 293876942 294112053 294342725 294374080 294386597 294402751 294402775 294402970 294403078 294403103 294403105 294403106
71 4 65363957
63 4513 324910 23393528
4 11 981886901
86 441 2147 10772 53785 268947 1344727 6723696 33618473 168092306 840461530
86 4 818000988
79 6818 593230 51611001
3 12 749283296
78 331 1282 5139 20525 82126 328468 1313919 5255698 21022791 84091138 336364543
70 22 321206569
258051957 319891955 320849422 321193818 321197822 321199849 321205147 321205677 321206078 321206314 321206442 321206453 321206459 321206530 321206533 321206552 321206560 321206562 321206566 321206567 321206568 321206569
83 26 234271417
13281662 109168799 114044473 138194506 140405334 152732107 156894818 171049144 222366630 226305778 234183172 234199837 234257108 234268321 234268967 234269771 234270871 234270889 234271185 234271361 234271384 234271386 234271400 234271409 234271414 234271417
7 9 702960950
26 197 1654 13193 105508 844068 6752555 54020505 432163975
1 2 27
3 7
100 16 803777013
687314029 789599749 796401666 803240370 803351117 803711387 803735008 803769219 803771390 803772254 803776947 803777004 803777006 803777007 803777008 803777012
70 19 617521628
54266591 241953483 280281740 562588566 575097690 611046706 613587558 616977611 617324384 617365601 617484382 617484844 617487159 617505982 617511321 617520918 617521229 617521462 617521549
4 9 43097939
91 399 2046 10195 50989 254969 1274765 6373848 31869249
24 14 531228388
522768867 524331267 528714776 530522222 531098142 531114380 531138044 531223778 531227250 531227783 531228033 531228159 531228338 531228372
9 6 13790200
57 613 6118 61102 611046 6110431
68 17 813624219
221238387 585426899 745779662 810775985 810927521 812849183 813097437 813167171 813473137 813575771 813576619 813588993 813622592 813623401 813623557 813624119 813624200
32 4 14662604
100 3214 106096 3501164
82 23 725659918
112387347 198743350 596548961 647771351 696869107 709988977 716246055 722699939 725095121 725390425 725392805 725540896 725582856 725649204 725651037 725658705 725658945 725659002 725659760 725659910 725659912 725659917 725659918
25 17 753234847
443684551 531402342 681701555 699524843 704085555 733447319 753047906 753104721 753177682 753197435 753225620 753227858 753233184 753233313 753234438 753234556 753234793
2 19 538817060
395261722 451882011 494741948 522369385 530590910 532333692 536880493 538522948 538800594 538807243 538810238 538815826 538816855 538816989 538817005 538817017 538817051 538817059 538817060
81 4 84148438
8 731 59890 4911037
44 24 535719231
194985975 252348312 359126883 488811371 491712399 526831290 533988255 534718929 534838185 535068627 535305813 535333473 535345028 535437929 535590907 535639128 535712479 535717594 535719158 535719165 535719216 535719219 535719228 535719231
8 6 17826147
92 759 6882 61882 556938 5012485
29 34 308962066
98367089 245652558 271395471 292489430 300722744 304155765 306627789 307590454 307604233 307738628 308035798 308747956 308756874 308797521 308905429 308918568 308930925 308934240 308938606 308943680 308952005 308959459 308960450 308961457 308961537 308961592 308961855 308961890 308961964 308962028 308962037 308962052 308962059 308962066
15 20 303161574
240973375 247911643 268891678 285086372 291826031 298153727 302194911 302810341 303031642 303104366 303126090 303131270 303146361 303155261 303156013 303157350 303161277 303161402 303161460 303161514
2 13 69421973
47 172 521 1498 4518 13554 40698 122017 366132 1098338 3295065 9885179 29655492
1 2 18
4 9
88 20 536372817
117996528 232977676 421904318 450146675 468695196 529622682 531532364 534132453 536220222 536356708 536357572 536361397 536369576 536370852 536371944 536372415 536372542 536372622 536372728 536372795
13 15 238689838
212401790 225175817 237800465 238308090 238559821 238634053 238643863 238663313 238669232 238681755 238685281 238689355 238689729 238689801 238689827
50 4 289716239
73 3748 191088 9745521
7 8 68986936
14 195 1502 11996 96036 768217 6145781 49166209
91 4 612214813
50 4631 426048 39196431
21 21 977883474
437352254 547926828 549031113 679564101 683490947 694269200 852205694 945414319 961768275 968407528 971289606 975592228 977495413 977551007 977783917 977874050 977879393 977880371 977883012 977883229 977883412
91 24 436850506
404721127 405693485 430880422 431067270 432475943 434937779 436272202 436548280 436600231 436721891 436734555 436818395 436831809 436836329 436843835 436848255 436849810 436849955 436850090 436850417 436850432 436850467 436850502 436850505
1 6 100
1 5 10 25 50 100
1 1 1000000000
1000000
26 5 89455498
45 1252 33811 912906 24648366
5 8 46554820
76 422 2568 15418 92476 554878 3329204 19975268
1 5 5
1 2 3 4 5
100 100 1000000000
999999901 999999902 999999903 999999904 999999905 999999906 999999907 999999908 999999909 999999910 999999911 999999912 999999913 999999914 999999915 999999916 999999917 999999918 999999919 999999920 999999921 999999922 999999923 999999924 999999925 999999926 999999927 999999928 999999929 999999930 999999931 999999932 999999933 999999934 999999935 999999936 999999937 999999938 999999939 999999940 999999941 999999942 999999943 999999944 999999945 999999946 999999947 999999948 999999949 999999950 999999951 999999952 999999953 999999954 999999955 999999956 999999957 999999958 999999959 999999960 999999961 999999962 999999963 999999964 999999965 999999966 999999967 999999968 999999969 999999970 999999971 999999972 999999973 999999974 999999975 999999976 999999977 999999978 999999979 999999980 999999981 999999982 999999983 999999984 999999985 999999986 999999987 999999988 999999989 999999990 999999991 999999992 999999993 999999994 999999995 999999996 999999997 999999998 999999999 1000000000
1 1 2
1
35 16 598063744
579966520 593255295 596242978 596245566 597017036 598022670 598025996 598040527 598042819 598061434 598061981 598063728 598063737 598063739 598063742 598063744
61 20 400460413
49015085 65203607 257948092 394798999 397523683 398549137 399650207 400243675 400338779 400430082 400434531 400454623 400459607 400459780 400459846 400460198 400460398 400460407 400460411 400460413
2 15 226419073
23 93 241 812 2357 7072 21285 63777 191405 574222 1722655 5167971 15503894 46511692 139535003
9 7 98095583
41 403 4073 40655 406585 4065847 40658463
