100
1 2 27
3 7
1 1 24
5
1 4 22
2 3 10 19
1 1 2
1
1 1 7
1
1 3 9
4 6 9
1 3 20
2 6 10
1 4 29
1 2 6 10
1 3 21
14 16 17
1 4 29
2 4 8 15
1 1 30
3
1 2 29
26 29
1 2 22
17 22
1 1 29
20
1 3 6
1 2 5
1 3 13
3 4 12
1 4 30
2 5 10 22
1 4 26
10 24 25 26
1 3 26
8 15 22
1 1 29
22
1 3 4
2 3 4
1 3 9
3 6 8
1 1 24
4
1 3 28
3 14 27
1 1 29
23
1 3 13
4 6 12
1 2 16
3 8
1 1 13
3
1 1 16
4
1 1 30
10
1 5 16
1 2 4 8 16
1 3 21
9 14 18
1 3 17
3 4 11
1 1 30
30
1 2 4
2 3
1 1 25
5
1 2 30
22 24
1 1 5
5
1 1 3
2
1 2 12
2 3
1 2 3
1 2
1 3 14
1 5 8
1 2 22
20 22
1 3 22
2 3 9
1 3 20
3 8 15
1 2 7
2 4
1 2 29
5 10
1 3 10
5 8 10
1 5 30
1 2 4 8 15
1 2 24
20 24
1 2 21
4 5
1 4 22
3 4 8 16
1 5 5
1 2 3 4 5
1 2 3
1 2
1 3 15
9 12 15
1 1 25
8
1 1 6
1
1 1 5
5
1 2 14
13 14
1 2 22
5 6
1 1 26
1
1 2 4
3 4
1 1 25
8
1 2 10
2 7
1 3 26
10 18 24
1 4 16
1 2 4 8
1 1 30
1
1 3 21
4 8 15
1 2 23
18 23
1 2 28
22 26
1 2 28
4 8
1 2 18
6 18
1 3 26
21 23 24
1 4 28
3 6 11 23
1 1 5
5
1 2 29
23 26
1 2 30
5 10
1 2 18
4 9
1 2 22
2 15
1 2 29
3 8
1 2 9
4 5
1 2 5
1 2
1 2 10
3 8
1 2 9
8 9
1 4 9
1 5 6 8
1 3 21
2 6 12
1 2 30
22 30
1 1 8
2
1 2 30
27 30
1 2 23
11 19
1 1 27
15
1 3 25
4 5 12
1 3 17
8 11 14
1 1 4
1
1 2 2
1 2
1 1 28
8
1 1 29
28
1 2 14
1 2
1 3 19
3 8 14
1 3 16
5 6 12
