100
1 4 15
11 12 14 15
1 3 6
1 2 5
1 1 27
13
1 1 28
5
1 4 6
2 4 5 6
1 2 27
3 7
1 2 28
5 26
1 3 20
8 13 20
1 1 2
2
1 3 21
3 8 14
1 1 5
5
1 2 24
4 6
1 3 20
8 19 20
1 3 22
16 21 22
1 4 26
3 18 21 26
1 3 29
21 23 24
1 1 2
2
1 1 14
13
1 2 17
5 9
1 4 11
4 8 10 11
1 4 29
19 24 26 27
1 3 23
5 6 12
1 4 30
5 8 14 29
1 1 1
1
1 1 23
11
1 4 22
13 16 18 20
1 3 22
5 6 13
1 4 25
2 5 12 20
1 1 25
23
1 2 21
18 21
1 1 7
1
1 5 20
8 11 14 18 19
1 2 10
4 9
1 2 21
16 21
1 1 13
1
1 2 3
1 2
1 1 1
1
1 3 27
8 25 27
1 1 30
1
1 2 26
9 26
1 2 5
2 4
1 2 11
10 11
1 1 30
5
1 1 1
1
1 3 20
2 13 20
1 1 30
30
1 1 20
18
1 1 3
1
1 3 15
4 6 14
1 3 12
6 7 12
1 2 4
3 4
1 5 5
1 2 3 4 5
1 3 14
7 11 13
1 1 13
9
1 4 21
1 3 6 11
1 2 19
2 3
1 2 22
15 16
1 2 20
3 8
1 3 12
3 7 11
1 2 11
3 5
1 5 16
1 2 4 8 16
1 1 1
1
1 1 28
3
1 2 25
20 24
1 4 11
3 8 10 11
1 1 21
21
1 3 9
1 3 5
1 2 23
14 23
1 2 20
8 20
1 1 2
1
1 1 2
2
1 2 22
5 10
1 4 23
3 5 17 22
1 3 16
9 15 16
1 4 27
1 6 12 23
1 1 1
1
1 2 14
4 6
1 2 14
3 4
1 3 8
2 3 7
1 4 16
1 8 10 14
1 2 25
18 24
1 3 9
1 5 9
1 1 26
15
1 2 30
5 7
1 2 25
3 8
1 5 30
1 2 4 8 15
1 3 15
5 7 13
1 1 20
4
1 3 7
5 6 7
1 1 25
4
1 3 21
3 7 11
1 1 29
1
1 2 26
18 24
1 3 14
2 12 14
1 1 24
4
1 4 29
19 26 28 29
1 2 18
4 9
1 4 16
1 2 4 8
1 3 13
4 5 10
1 3 20
5 9 16
